1.000000000000000000e+00
1.004620421346812842e+00
1.009262190987047614e+00
1.013925407558815106e+00
1.018610170155975769e+00
1.023316578330244919e+00
1.028044732093309266e+00
1.032794731918951658e+00
1.037566678745185822e+00
1.042360673976401531e+00
1.047176819485520216e+00
1.052015217616158571e+00
1.056875971184804142e+00
1.061759183483000024e+00
1.066664958279539333e+00
1.071593399822671211e+00
1.076544612842315507e+00
1.081518702552288325e+00
1.086515774652538235e+00
1.091535935331391594e+00
1.096579291267809841e+00
1.101645949633656585e+00
1.106736018095973551e+00
1.111849604819270754e+00
1.116986818467823106e+00
1.122147768207980345e+00
1.127332563710486735e+00
1.132541315152811867e+00
1.137774133221491235e+00
1.143031129114479238e+00
1.148312414543511073e+00
1.153618101736478163e+00
1.158948303439810923e+00
1.164303132920876616e+00
1.169682703970385207e+00
1.175087130904807653e+00
1.180516528568805068e+00
1.185971012337669661e+00
1.191450698119775886e+00
1.196955702359043361e+00
1.202486142037412220e+00
1.208042134677328461e+00
1.213623798344240834e+00
1.219231251649110614e+00
1.224864613750931364e+00
1.230524004359261570e+00
1.236209543736768612e+00
1.241921352701783610e+00
1.247659552630869584e+00
1.253424265461400067e+00
1.259215613694151026e+00
1.265033720395903449e+00
1.270878709202058587e+00
1.276750704319265628e+00
1.282649830528060475e+00
1.288576213185518071e+00
1.294529978227915601e+00
1.300511252173409016e+00
1.306520162124721107e+00
1.312556835771843344e+00
1.318621401394748593e+00
1.324713987866117160e+00
1.330834724654075041e+00
1.336983741824946392e+00
1.343161170046015984e+00
1.349367140588306757e+00
1.355601785329368481e+00
1.361865236756081732e+00
1.368157627967471646e+00
1.374479092677537428e+00
1.380829765218092531e+00
1.387209780541620585e+00
1.393619274224142446e+00
1.400058382468097440e+00
1.406527242105237052e+00
1.413025990599533932e+00
1.419554766050101113e+00
1.426113707194128777e+00
1.432702953409830782e+00
1.439322644719407185e+00
1.445972921792019861e+00
1.452653925946780777e+00
1.459365799155756704e+00
1.466108684046984356e+00
1.472882723907502633e+00
1.479688062686396410e+00
1.486524844997856754e+00
1.493393216124252243e+00
1.500293322019218278e+00
1.507225309310756378e+00
1.514189325304352129e+00
1.521185517986104463e+00
1.528214036025869804e+00
1.535275028780422657e+00
1.542368646296628176e+00
1.549495039314631839e+00
1.556654359271061550e+00
1.563846758302246842e+00
1.571072389247450296e+00
1.578331405652117381e+00
1.585623961771137402e+00
1.592950212572122437e+00
1.600310313738700696e+00
1.607704421673823436e+00
1.615132693503090522e+00
1.622595287078087534e+00
1.630092360979740640e+00
1.637624074521687900e+00
1.645190587753662559e+00
1.652792061464894768e+00
1.660428657187529966e+00
1.668100537200058797e+00
1.675807864530767688e+00
1.683550802961202297e+00
1.691329517029648066e+00
1.699144172034626310e+00
1.706994934038407408e+00
1.714881969870539757e+00
1.722805447131394052e+00
1.730765534195725097e+00
1.738762400216250725e+00
1.746796215127245366e+00
1.754867149648150937e+00
1.762975375287205715e+00
1.771121064345087870e+00
1.779304389918577867e+00
1.787525525904235080e+00
1.795784647002095724e+00
1.804081928719382777e+00
1.812417547374236992e+00
1.820791680099463017e+00
1.829204504846293267e+00
1.837656200388171124e+00
1.846146946324547677e+00
1.854676923084698670e+00
1.863246311931560317e+00
1.871855294965578675e+00
1.880504055128582319e+00
1.889192776207666347e+00
1.897921642839100809e+00
1.906690840512252461e+00
1.915500555573527608e+00
1.924350975230330940e+00
1.933242287555045236e+00
1.942174681489025723e+00
1.951148346846616866e+00
1.960163474319185362e+00
1.969220255479172232e+00
1.978318882784164234e+00
1.987459549580983031e+00
1.996642450109793909e+00
2.005867779508233806e+00
2.015135733815557550e+00
2.024446509976803643e+00
2.033800305846981349e+00
2.043197320195270894e+00
2.052637752709252084e+00
2.062121803999143577e+00
2.071649675602068807e+00
2.081221569986338338e+00
2.090837690555750417e+00
2.100498241653915077e+00
2.110203428568595552e+00
2.119953457536071006e+00
2.129748535745520144e+00
2.139588871343422127e+00
2.149474673437980154e+00
2.159406152103566345e+00
2.169383518385184395e+00
2.179406984302954875e+00
2.189476762856621406e+00
2.199593068030074594e+00
2.209756114795902171e+00
2.219966119119955117e+00
2.230223297965937768e+00
2.240527869300018793e+00
2.250880052095461270e+00
2.261280066337278516e+00
2.271728133026905461e+00
2.282224474186897556e+00
2.292769312865649223e+00
2.303362873142130951e+00
2.314005380130653045e+00
2.324697059985648018e+00
2.335438139906478749e+00
2.346228848142263068e+00
2.357069413996727647e+00
2.367960067833077442e+00
2.378901041078893552e+00
2.389892566231049731e+00
2.400934876860652434e+00
2.412028207618006626e+00
2.423172794237599348e+00
2.434368873543110823e+00
2.445616683452445983e+00
2.456916462982790872e+00
2.468268452255692136e+00
2.479672892502158721e+00
2.491130026067788883e+00
2.502640096417918514e+00
2.514203348142797445e+00
2.525820026962784404e+00
2.537490379733570389e+00
2.549214654451423367e+00
2.560993100258458721e+00
2.572825967447933238e+00
2.584713507469563520e+00
2.596655972934871048e+00
2.608653617622548104e+00
2.620706696483851683e+00
2.632815465648020936e+00
2.644980182427719484e+00
2.657201105324505264e+00
2.669478494034321248e+00
2.681812609453015028e+00
2.694203713681883272e+00
2.706652070033241486e+00
2.719157943036017322e+00
2.731721598441376742e+00
2.744343303228364839e+00
2.757023325609583519e+00
2.769761935036890943e+00
2.782559402207124499e+00
2.795415999067856649e+00
2.808331998823172082e+00
2.821307675939471959e+00
2.834343306151309250e+00
2.847439166467246263e+00
2.860595535175742388e+00
2.873812691851065804e+00
2.887090917359235842e+00
2.900430493863991543e+00
2.913831704832787306e+00
2.927294835042816512e+00
2.940820170587063132e+00
2.954407998880380859e+00
2.968058608665602449e+00
2.981772290019672145e+00
2.995549334359813631e+00
3.009390034449720197e+00
3.023294684405777311e+00
3.037263579703311400e+00
3.051297017182869720e+00
3.065395295056527303e+00
3.079558712914225893e+00
3.093787571730137742e+00
3.108082173869064047e+00
3.122442823092856923e+00
3.136869824566877352e+00
3.151363484866478437e+00
3.165924111983522415e+00
3.180552015332919868e+00
3.195247505759212014e+00
3.210010895543172538e+00
3.224842498408441394e+00
3.239742629528197249e+00
3.254711605531848129e+00
3.269749744511766476e+00
3.284857366030044634e+00
3.300034791125284528e+00
3.315282342319425091e+00
3.330600343624588788e+00
3.345989120549972995e+00
3.361449000108765794e+00
3.376980310825090648e+00
3.392583382740993692e+00
3.408258547423451912e+00
3.424006137971423946e+00
3.439826489022925315e+00
3.455719936762138733e+00
3.471686818926561280e+00
3.487727474814177775e+00
3.503842245290674118e+00
3.520031472796679939e+00
3.536295501355041893e+00
3.552634676578141359e+00
3.569049345675229468e+00
3.585539857459815849e+00
3.602106562357071162e+00
3.618749812411279354e+00
3.635469961293319674e+00
3.652267364308175335e+00
3.669142378402493243e+00
3.686095362172158829e+00
3.703126675869925943e+00
3.720236681413067625e+00
3.737425742391064176e+00
3.754694224073336084e+00
3.772042493416998266e+00
3.789470919074666710e+00
3.806979871402285998e+00
3.824569722466999000e+00
3.842240846055060111e+00
3.859993617679768008e+00
3.877828414589456152e+00
3.895745615775503268e+00
3.913745601980383793e+00
3.931828755705769396e+00
3.949995461220643822e+00
3.968246104569480792e+00
3.986581073580440560e+00
4.005000757873610873e+00
4.023505548869292348e+00
4.042095839796306933e+00
4.060772025700365440e+00
4.079534503452451055e+00
4.098383671757261482e+00
4.117319931161677715e+00
4.136343684063274573e+00
4.155455334718875626e+00
4.174655289253136559e+00
4.193943955667186252e+00
4.213321743847288303e+00
4.232789065573549614e+00
4.252346334528682270e+00
4.271993966306778745e+00
4.291732378422157268e+00
4.311561990318227622e+00
4.331483223376399572e+00
4.351496500925049915e+00
4.371602248248504630e+00
4.391800892596085859e+00
4.412092863191189096e+00
4.432478591240396781e+00
4.452958509942654963e+00
4.473533054498465056e+00
4.494202662119142211e+00
4.514967772036100335e+00
4.535828825510187734e+00
4.556786265841063610e+00
4.577840538376618973e+00
4.598992090522438403e+00
4.620241371751311554e+00
4.641588833612778409e+00
4.663034929742731372e+00
4.684580115873047568e+00
4.706224849841281532e+00
4.727969591600389876e+00
4.749814803228501248e+00
4.771760948938745805e+00
4.793808495089109556e+00
4.815957910192351754e+00
4.838209664925956055e+00
4.860564232142134955e+00
4.883022086877879531e+00
4.905583706365048258e+00
4.928249570040514449e+00
4.951020159556350109e+00
4.973895958790063965e+00
4.996877453854883910e+00
5.019965133110082078e+00
5.043159487171360311e+00
5.066461008921267606e+00
5.089870193519680619e+00
5.113387538414325917e+00
5.137013543351341305e+00
5.160748710385909099e+00
5.184593543892911605e+00
5.208548550577661196e+00
5.232614239486661489e+00
5.256791122018421802e+00
5.281079711934332011e+00
5.305480525369572931e+00
5.329994080844088877e+00
5.354620899273607293e+00
5.379361503980700121e+00
5.404216420705916235e+00
5.429186177618941400e+00
5.454271305329833730e+00
5.479472336900286678e+00
5.504789807854970185e+00
5.530224256192902033e+00
5.555776222398876030e+00
5.581446249454963926e+00
5.607234882852032420e+00
5.633142670601354318e+00
5.659170163246243668e+00
5.685317913873752182e+00
5.711586478126432276e+00
5.737976414214133847e+00
5.764488282925876561e+00
5.791122647641759436e+00
5.817880074344933483e+00
5.844761131633634754e+00
5.871766390733255570e+00
5.898896425508496577e+00
5.926151812475554337e+00
5.953533130814368413e+00
5.981040962380941295e+00
6.008675891719686746e+00
6.036438506075866961e+00
6.064329395408063483e+00
6.092349152400710288e+00
6.120498372476699700e+00
6.148777653810022947e+00
6.177187597338491543e+00
6.205728806776502182e+00
6.234401888627862043e+00
6.263207452198689573e+00
6.292146109610343707e+00
6.321218475812451665e+00
6.350425168595963399e+00
6.379766808606280648e+00
6.409244019356453492e+00
6.438857427240419540e+00
6.468607661546325716e+00
6.498495354469890017e+00
6.528521141127845873e+00
6.558685659571431792e+00
6.588989550799949413e+00
6.619433458774392598e+00
6.650018030431120053e+00
6.680743915695613211e+00
6.711611767496282965e+00
6.742622241778342129e+00
6.773775997517749836e+00
6.805073696735208344e+00
6.836516004510237110e+00
6.868103588995303710e+00
6.899837121430018705e+00
6.931717276155406005e+00
6.963744730628223856e+00
6.995920165435372873e+00
7.028244264308349365e+00
7.060717714137773271e+00
7.093341204987995141e+00
7.126115430111747528e+00
7.159041085964886086e+00
7.192118872221189285e+00
7.225349491787214085e+00
7.258733650817251082e+00
7.292272058728314299e+00
7.325965428215230446e+00
7.359814475265767264e+00
7.393819919175865785e+00
7.427982482564916111e+00
7.462302891391109583e+00
7.496781874966877091e+00
7.531420165974371805e+00
7.566218500481054932e+00
7.601177617955328536e+00
7.636298261282243871e+00
7.671581176779302069e+00
7.707027114212299246e+00
7.742636826811269302e+00
7.778411071286488010e+00
7.814350607844543717e+00
7.850456200204509294e+00
7.886728615614152282e+00
7.923168624866253396e+00
7.959777002314983640e+00
7.996554525892348053e+00
8.033501977124734239e+00
8.070620141149502658e+00
8.107909806731687041e+00
8.145371766280742776e+00
8.183006815867392092e+00
8.220815755240540312e+00
8.258799387844268480e+00
8.296958520834905926e+00
8.335293965098193425e+00
8.373806535266492546e+00
8.412497049736117560e+00
8.451366330684717099e+00
8.490415204088746393e+00
8.529644499741023012e+00
8.569055051268350098e+00
8.608647696149244410e+00
8.648423275731722981e+00
8.688382635251185704e+00
8.728526623848377852e+00
8.768856094587428984e+00
8.809371904473991322e+00
8.850074914473434973e+00
8.890965989529160396e+00
8.932045998580965929e+00
8.973315814583521899e+00
9.014776314524917566e+00
9.056428379445289778e+00
9.098272894455559978e+00
9.140310748756229842e+00
9.182542835656283486e+00
9.224970052592174952e+00
9.267593301146877849e+00
9.310413487069077121e+00
9.353431520292383894e+00
9.396648314954692438e+00
9.440064789417602853e+00
9.483681866285921913e+00
9.527500472427291811e+00
9.571521538991863309e+00
9.615746001432098566e+00
9.660174799522645017e+00
9.704808877380301624e+00
9.749649183484088155e+00
9.794696670695392626e+00
9.839952296278230648e+00
9.885417021919574054e+00
9.931091813749794994e+00
9.976977642363204168e+00
1.002307548283865479e+01
1.006938631476027624e+01
1.011591112223829825e+01
1.016265089392994625e+01
1.020960662306046451e+01
1.025677930744421928e+01
1.030416994950588006e+01
1.035177955630176250e+01
1.039960913954119803e+01
1.044765971560804196e+01
1.049593230558227752e+01
1.054442793526168920e+01
1.059314763518369951e+01
1.064209244064724125e+01
1.069126339173476126e+01
1.074066153333433427e+01
1.079028791516184071e+01
1.084014359178330977e+01
1.089022962263729966e+01
1.094054707205742361e+01
1.099109700929497180e+01
1.104188050854160785e+01
1.109289864895222699e+01
1.114415251466787637e+01
1.119564319483878201e+01
1.124737178364751955e+01
1.129933938033222240e+01
1.135154708920999056e+01
1.140399601970032428e+01
1.145668728634871414e+01
1.150962200885032338e+01
1.156280131207375916e+01
1.161622632608501782e+01
1.166989818617146923e+01
1.172381803286598512e+01
1.177798701197119335e+01
1.183240627458378569e+01
1.188707697711903322e+01
1.194200028133531966e+01
1.199717735435884336e+01
1.205260936870842592e+01
1.210829750232040070e+01
1.216424293857367900e+01
1.222044686631488020e+01
1.227691047988359152e+01
1.233363497913775930e+01
1.239062156947916193e+01
1.244787146187906224e+01
1.250538587290390780e+01
1.256316602474120891e+01
1.262121314522547344e+01
1.267952846786434584e+01
1.273811323186478539e+01
1.279696868215940952e+01
1.285609606943295802e+01
1.291549665014884063e+01
1.297517168657587483e+01
1.303512244681508925e+01
1.309535020482667100e+01
1.315585624045704449e+01
1.321664183946605142e+01
1.327770829355429782e+01
1.333905690039058634e+01
1.340068896363949946e+01
1.346260579298910365e+01
1.352480870417875458e+01
1.358729901902709791e+01
1.365007806546013747e+01
1.371314717753944912e+01
1.377650769549054210e+01
1.384016096573131627e+01
1.390410834090070402e+01
1.396835117988739761e+01
1.403289084785872376e+01
1.409772871628966939e+01
1.416286616299198720e+01
1.422830457214352684e+01
1.429404533431761060e+01
1.436008984651259901e+01
1.442643951218158094e+01
1.449309574126216660e+01
1.456005995020649380e+01
1.462733356201129808e+01
1.469491800624816413e+01
1.476281471909390319e+01
1.483102514336104427e+01
1.489955072852854379e+01
1.496839293077255562e+01
1.503755321299737702e+01
1.510703304486654908e+01
1.517683390283405309e+01
1.524695727017573788e+01
1.531740463702079857e+01
1.538817750038345622e+01
1.545927736419477760e+01
1.553070573933459997e+01
1.560246414366368839e+01
1.567455410205595001e+01
1.574697714643085966e+01
1.581973481578600627e+01
1.589282865622977958e+01
1.596626022101425946e+01
1.604003107056820099e+01
1.611414277253019023e+01
1.618859690178198463e+01
1.626339504048192097e+01
1.633853877809861288e+01
1.641402971144466605e+01
1.648986944471064930e+01
1.656605958949914381e+01
1.664260176485903742e+01
1.671949759731989360e+01
1.679674872092653004e+01
1.687435677727375705e+01
1.695232341554120481e+01
1.703065029252844198e+01
1.710933907269014398e+01
1.718839142817145671e+01
1.726780903884355922e+01
1.734759359233931519e+01
1.742774678408919087e+01
1.750827031735724404e+01
1.758916590327732621e+01
1.767043526088946592e+01
1.775208011717635159e+01
1.783410220710008076e+01
1.791650327363900530e+01
1.799928506782476489e+01
1.808244934877951593e+01
1.816599788375327762e+01
1.824993244816152327e+01
1.833425482562289943e+01
1.841896680799710850e+01
1.850407019542302223e+01
1.858956679635687337e+01
1.867545842761076003e+01
1.876174691439120323e+01
1.884843409033795325e+01
1.893552179756295217e+01
1.902301188668944931e+01
1.911090621689137947e+01
1.919920665593283715e+01
1.928791508020777812e+01
1.937703337477988796e+01
1.946656343342262119e+01
1.955650715865949252e+01
1.964686646180445706e+01
1.973764326300255334e+01
1.982883949127071332e+01
1.992045708453870390e+01
2.001249798969037030e+01
2.010496416260497909e+01
2.019785756819878486e+01
2.029118018046678174e+01
2.038493398252463251e+01
2.047912096665085357e+01
2.057374313432912771e+01
2.066880249629081945e+01
2.076430107255774615e+01
2.086024089248503799e+01
2.095662399480433180e+01
2.105345242766705027e+01
2.115072824868794754e+01
2.124845352498882889e+01
2.134663033324244452e+01
2.144526075971667467e+01
2.154434690031883193e+01
2.164389086064020518e+01
2.174389475600079891e+01
2.184436071149427150e+01
2.194529086203313639e+01
2.204668735239408761e+01
2.214855233726359174e+01
2.225088798128369305e+01
2.235369645909795366e+01
2.245697995539773828e+01
2.256074066496860198e+01
2.266498079273694088e+01
2.276970255381679920e+01
2.287490817355702788e+01
2.298059988758851091e+01
2.308677994187168636e+01
2.319345059274428777e+01
2.330061410696924540e+01
2.340827276178293204e+01
2.351642884494348706e+01
2.362508465477946373e+01
2.373424250023867543e+01
2.384390470093720538e+01
2.395407358720878221e+01
2.406475150015424092e+01
2.417594079169129628e+01
2.428764382460451543e+01
2.439986297259550341e+01
2.451260062033338727e+01
2.462585916350546711e+01
2.473964100886813000e+01
2.485394857429799842e+01
2.496878428884326695e+01
2.508415059277539783e+01
2.520004993764092305e+01
2.531648478631354138e+01
2.543345761304649599e+01
2.555097090352506939e+01
2.566902715491950460e+01
2.578762887593800812e+01
2.590677858688007618e+01
2.602647881969005894e+01
2.614673211801092023e+01
2.626754103723837019e+01
2.638890814457510459e+01
2.651083601908537446e+01
2.663332725174982230e+01
2.675638444552045314e+01
2.688001021537606050e+01
2.700420718837772682e+01
2.712897800372465795e+01
2.725432531281029114e+01
2.738025177927857712e+01
2.750676007908066012e+01
2.763385290053169996e+01
2.776153294436799612e+01
2.788980292380441028e+01
2.801866556459195223e+01
2.814812360507579925e+01
2.827817979625341138e+01
2.840883690183302690e+01
2.854009769829238863e+01
2.867196497493769769e+01
2.880444153396296514e+01
2.893753019050950215e+01
2.907123377272576903e+01
2.920555512182746583e+01
2.934049709215787161e+01
2.947606255124857100e+01
2.961225437988034415e+01
2.974907547214440484e+01
2.988652873550384115e+01
3.002461709085549302e+01
3.016334347259195781e+01
3.030271082866396171e+01
3.044272212064302607e+01
3.058338032378433269e+01
3.072468842709003667e+01
3.086664943337272859e+01
3.100926635931926612e+01
3.115254223555487911e+01
3.129648010670752001e+01
3.144108303147264749e+01
3.158635408267817368e+01
3.173229634734976301e+01
3.187891292677645794e+01
3.202620693657652140e+01
3.217418150676371624e+01
3.232283978181379069e+01
3.247218492073128715e+01
3.262222009711669557e+01
3.277294849923383424e+01
3.292437333007768530e+01
3.307649780744240786e+01
3.322932516398971359e+01
3.338285864731761166e+01
3.353710152002930300e+01
3.369205705980267140e+01
3.384772855945981007e+01
3.400411932703705986e+01
3.416123268585528194e+01
3.431907197459044312e+01
3.447764054734464167e+01
3.463694177371732508e+01
3.479697903887691268e+01
3.495775574363275240e+01
3.511927530450729762e+01
3.528154115380883127e+01
3.544455673970433907e+01
3.560832552629278069e+01
3.577285099367873755e+01
3.593813663804627367e+01
3.610418597173337218e+01
3.627100252330646413e+01
3.643858983763544757e+01
3.660695147596902643e+01
3.677609101601032648e+01
3.694601205199302285e+01
3.711671819475765233e+01
3.728821307182833777e+01
3.746050032748993175e+01
3.763358362286534486e+01
3.780746663599349233e+01
3.798215306190733997e+01
3.815764661271248315e+01
3.833395101766601698e+01
3.851107002325570505e+01
3.868900739327975202e+01
3.886776690892665442e+01
3.904735236885559857e+01
3.922776758927719243e+01
3.940901640403449591e+01
3.959110266468458406e+01
3.977403024058034475e+01
3.995780301895269560e+01
4.014242490499322003e+01
4.032789982193707345e+01
4.051423171114647204e+01
4.070142453219436618e+01
4.088948226294862565e+01
4.107840889965646625e+01
4.126820845702953733e+01
4.145888496832910874e+01
4.165044248545182626e+01
4.184288507901582221e+01
4.203621683844713885e+01
4.223044187206674138e+01
4.242556430717777260e+01
4.262158829015322681e+01
4.281851798652413521e+01
4.301635758106795038e+01
4.321511127789764117e+01
4.341478330055092272e+01
4.361537789208003346e+01
4.381689931514192438e+01
4.401935185208874657e+01
4.422273980505899260e+01
4.442706749606882966e+01
4.463233926710395139e+01
4.483855948021188453e+01
4.504573251759458685e+01
4.525386278170169163e+01
4.546295469532399380e+01
4.567301270168744765e+01
4.588404126454759080e+01
4.609604486828433778e+01
4.630902801799739166e+01
4.652299523960189020e+01
4.673795107992461340e+01
4.695390010680060300e+01
4.717084690917017298e+01
4.738879609717653807e+01
4.760775230226368393e+01
4.782772017727482705e+01
4.804870439655131520e+01
4.827070965603183339e+01
4.849374067335235594e+01
4.871780218794631168e+01
4.894289896114528915e+01
4.916903577628028899e+01
4.939621743878320359e+01
4.962444877628915663e+01
4.985373463873893485e+01
5.008407989848210207e+01
5.031548945038053944e+01
5.054796821191240497e+01
5.078152112327673251e+01
5.101615314749833630e+01
5.125186927053329811e+01
5.148867450137495183e+01
5.172657387216018776e+01
5.196557243827660244e+01
5.220567527846975509e+01
5.244688749495116298e+01
5.268921421350674450e+01
5.293266058360561033e+01
5.317723177850969307e+01
5.342293299538351903e+01
5.366976945540476152e+01
5.391774640387502870e+01
5.416686911033151830e+01
5.441714286865889960e+01
5.466857299720180663e+01
5.492116483887789258e+01
5.517492376129126086e+01
5.542985515684669195e+01
5.568596444286411895e+01
5.594325706169377810e+01
5.620173848083187806e+01
5.646141419303669551e+01
5.672228971644543805e+01
5.698437059469139143e+01
5.724766239702178439e+01
5.751217071841613659e+01
5.777790117970504014e+01
5.804485942768977935e+01
5.831305113526221362e+01
5.858248200152535645e+01
5.885315775191450172e+01
5.912508413831878329e+01
5.939826693920356604e+01
5.967271195973313525e+01
5.994842503189408944e+01
6.022541201461928040e+01
6.050367879391221493e+01
6.078323128297230227e+01
6.106407542232039276e+01
6.134621717992506262e+01
6.162966255132942450e+01
6.191441755977844252e+01
6.220048825634711420e+01
6.248788072006890815e+01
6.277660105806499757e+01
6.306665540567405515e+01
6.335804992658250967e+01
6.365079081295571228e+01
6.394488428556940107e+01
6.424033659394190465e+01
6.453715401646701366e+01
6.483534286054724305e+01
6.513490946272803228e+01
6.543586018883232214e+01
6.573820143409585626e+01
6.604193962330305112e+01
6.634708121092347710e+01
6.665363268124913532e+01
6.696160054853218924e+01
6.727099135712336420e+01
6.758181168161110008e+01
6.789406812696108773e+01
6.820776732865685688e+01
6.852291595284060577e+01
6.883952069645496863e+01
6.915758828738525210e+01
6.947712548460236803e+01
6.979813907830660469e+01
7.012063589007181008e+01
7.044462277299037112e+01
7.077010661181888906e+01
7.109709432312435240e+01
7.142559285543126180e+01
7.175560918936925248e+01
7.208715033782135606e+01
7.242022334607315770e+01
7.275483529196229426e+01
7.309099328602910361e+01
7.342870447166761494e+01
7.376797602527734909e+01
7.410881515641570161e+01
7.445122910795139148e+01
7.479522515621820844e+01
7.514081061116965543e+01
7.548799281653435855e+01
7.583677914997190328e+01
7.618717702322994967e+01
7.653919388230147547e+01
7.689283720758309926e+01
7.724811451403404305e+01
7.760503335133570602e+01
7.796360130405233235e+01
7.832382599179196347e+01
7.868571506936847015e+01
7.904927622696423839e+01
7.941451719029339529e+01
7.978144572076624286e+01
8.015006961565404708e+01
8.052039670825473650e+01
8.089243486805942496e+01
8.126619200091946027e+01
8.164167604921468069e+01
8.201889499202202671e+01
8.239785684528514764e+01
8.277856966198476130e+01
8.316104153230961060e+01
8.354528058382867073e+01
8.393129498166364044e+01
8.431909292866255612e+01
8.470868266557407367e+01
8.510007247122246099e+01
8.549327066268379838e+01
8.588828559546249153e+01
8.628512566366890724e+01
8.668379930019779067e+01
8.708431497690723688e+01
8.748668120479909760e+01
8.789090653419954435e+01
8.829699955494086794e+01
8.870496889654407369e+01
8.911482322840201675e+01
8.952657125996395848e+01
8.994022174092043542e+01
9.035578346138925099e+01
9.077326525210227715e+01
9.119267598459298085e+01
9.161402457138515842e+01
9.203731996618220990e+01
9.246257116405737975e+01
9.288978720164502079e+01
9.331897715733238385e+01
9.375015015145284281e+01
9.418331534647951742e+01
9.461848194721997629e+01
9.505565920101196298e+01
9.549485639791966207e+01
9.593608287093141485e+01
9.637934799615786119e+01
9.682466119303123264e+01
9.727203192450542701e+01
9.772146969725724830e+01
9.817298406188835713e+01
9.862658461312820180e+01
9.908228099003797240e+01
9.954008287621523721e+01
1.000000000000000000e+02
