1.000000000000000082e-05
1.020960662306047607e-05
1.042360673976401146e-05
1.064209244064724650e-05
1.086515774652537261e-05
1.109289864895222712e-05
1.132541315152812671e-05
1.156280131207375302e-05
1.180516528568805612e-05
1.205260936870841401e-05
1.230524004359261647e-05
1.256316602474121465e-05
1.282649830528059917e-05
1.309535020482667643e-05
1.336983741824945150e-05
1.365007806546013744e-05
1.393619274224143468e-05
1.422830457214351858e-05
1.452653925946781202e-05
1.483102514336102853e-05
1.514189325304351951e-05
1.545927736419478539e-05
1.578331405652116359e-05
1.611414277253019959e-05
1.645190587753660725e-05
1.679674872092653225e-05
1.714881969870540916e-05
1.750827031735723228e-05
1.787525525904235524e-05
1.824993244816150412e-05
1.863246311931559903e-05
1.902301188668945850e-05
1.942174681489024571e-05
1.982883949127071257e-05
2.024446509976801623e-05
2.066880249629082024e-05
2.110203428568596656e-05
2.154434690031882321e-05
2.199593068030074845e-05
2.245697995539776298e-05
2.292769312865648647e-05
2.340827276178294449e-05
2.389892566231047836e-05
2.439986297259550131e-05
2.491130026067790961e-05
2.543345761304648090e-05
2.596655972934872479e-05
2.651083601908536211e-05
2.706652070033241139e-05
2.763385290053172626e-05
2.821307675939470740e-05
2.880444153396297702e-05
2.940820170587060722e-05
3.002461709085549186e-05
3.065395295056530018e-05
3.129648010670750265e-05
3.195247505759213607e-05
3.262222009711666644e-05
3.330600343624588548e-05
3.400411932703709724e-05
3.471686818926559409e-05
3.544455673970435463e-05
3.618749812411276967e-05
3.694601205199302477e-05
3.772042493417001620e-05
3.851107002325568519e-05
3.931828755705769966e-05
4.014242490499317844e-05
4.098383671757261184e-05
4.184288507901584570e-05
4.271993966306776293e-05
4.361537789208005635e-05
4.452958509942659792e-05
4.546295469532399562e-05
4.641588833612781789e-05
4.738879609717651056e-05
4.838209664925957121e-05
4.939621743878325959e-05
5.043159487171358695e-05
5.148867450137497919e-05
5.256791122018419400e-05
5.366976945540475778e-05
5.479472336900292591e-05
5.594325706169377268e-05
5.711586478126435033e-05
5.831305113526218489e-05
5.953533130814369864e-05
6.078323128297236501e-05
6.205728806776500081e-05
6.335804992658254750e-05
6.468607661546321112e-05
6.604193962330304700e-05
6.742622241778349222e-05
6.883952069645495682e-05
7.028244264308352554e-05
7.175560918936921718e-05
7.325965428215229914e-05
7.479522515621828658e-05
7.636298261282241959e-05
7.796360130405236585e-05
7.959777002314977982e-05
8.126619200091945365e-05
8.296958520834915780e-05
8.470868266557402936e-05
8.648423275731726594e-05
8.829699955494083421e-05
9.014776314524917239e-05
9.203731996618230639e-05
9.396648314954690162e-05
9.593608287093146887e-05
9.794696670695385331e-05
1.000000000000000048e-04
1.020960662306046523e-04
1.042360673976401179e-04
1.064209244064724582e-04
1.086515774652538379e-04
1.109289864895222780e-04
1.132541315152811519e-04
1.156280131207375404e-04
1.180516528568805612e-04
1.205260936870842587e-04
1.230524004359261579e-04
1.256316602474121533e-04
1.282649830528059917e-04
1.309535020482667609e-04
1.336983741824946607e-04
1.365007806546013845e-04
1.393619274224143468e-04
1.422830457214352027e-04
1.452653925946781202e-04
1.483102514336104446e-04
1.514189325304352018e-04
1.545927736419478403e-04
1.578331405652116427e-04
1.611414277253019891e-04
1.645190587753662351e-04
1.679674872092653225e-04
1.714881969870540781e-04
1.750827031735723363e-04
1.787525525904235457e-04
1.824993244816152445e-04
1.863246311931559835e-04
1.902301188668945714e-04
1.942174681489024571e-04
1.982883949127071325e-04
2.024446509976803791e-04
2.066880249629082160e-04
2.110203428568596521e-04
2.154434690031882321e-04
2.199593068030074913e-04
2.245697995539773994e-04
2.292769312865648647e-04
2.340827276178294449e-04
2.389892566231047904e-04
2.439986297259550199e-04
2.491130026067788590e-04
2.543345761304648361e-04
2.596655972934872546e-04
2.651083601908536076e-04
2.706652070033241072e-04
2.763385290053169780e-04
2.821307675939470740e-04
2.880444153396297634e-04
2.940820170587060450e-04
3.002461709085549389e-04
3.065395295056526901e-04
3.129648010670750265e-04
3.195247505759213607e-04
3.262222009711669896e-04
3.330600343624588820e-04
3.400411932703705929e-04
3.471686818926559680e-04
3.544455673970435734e-04
3.618749812411280490e-04
3.694601205199302477e-04
3.772042493416997554e-04
3.851107002325568655e-04
3.931828755705770373e-04
4.014242490499322046e-04
4.098383671757261184e-04
4.184288507901584705e-04
4.271993966306776428e-04
4.361537789208005771e-04
4.452958509942655184e-04
4.546295469532399291e-04
4.641588833612782196e-04
4.738879609717650920e-04
4.838209664925957392e-04
4.939621743878321080e-04
5.043159487171358559e-04
5.148867450137497919e-04
5.256791122018419265e-04
5.366976945540475642e-04
5.479472336900287170e-04
5.594325706169377133e-04
5.711586478126434762e-04
5.831305113526218760e-04
5.953533130814370406e-04
6.078323128297229453e-04
6.205728806776500623e-04
6.335804992658254208e-04
6.468607661546321112e-04
6.604193962330305243e-04
6.742622241778341904e-04
6.883952069645496224e-04
7.028244264308353096e-04
7.175560918936921447e-04
7.325965428215230456e-04
7.479522515621820798e-04
7.636298261282241416e-04
7.796360130405237399e-04
7.959777002314977982e-04
8.126619200091945907e-04
8.296958520834906564e-04
8.470868266557402123e-04
8.648423275731726865e-04
8.829699955494082608e-04
9.014776314524917782e-04
9.203731996618220610e-04
9.396648314954690433e-04
9.593608287093146345e-04
9.794696670695395360e-04
1.000000000000000021e-03
1.020960662306046604e-03
1.042360673976401152e-03
1.064209244064724582e-03
1.086515774652538433e-03
1.109289864895222780e-03
1.132541315152811546e-03
1.156280131207375458e-03
1.180516528568805639e-03
1.205260936870842505e-03
1.230524004359261634e-03
1.256316602474120232e-03
1.282649830528059809e-03
1.309535020482667771e-03
1.336983741824946661e-03
1.365007806546013683e-03
1.393619274224142113e-03
1.422830457214352027e-03
1.452653925946781202e-03
1.483102514336104337e-03
1.514189325304352018e-03
1.545927736419476940e-03
1.578331405652118108e-03
1.611414277253019837e-03
1.645190587753662514e-03
1.679674872092653225e-03
1.714881969870539046e-03
1.750827031735725098e-03
1.787525525904235402e-03
1.824993244816152391e-03
1.863246311931559835e-03
1.902301188668943871e-03
1.942174681489026522e-03
1.982883949127071596e-03
2.024446509976803900e-03
2.066880249629082268e-03
2.110203428568594407e-03
2.154434690031884272e-03
2.199593068030074750e-03
2.245697995539773940e-03
2.292769312865648810e-03
2.340827276178291793e-03
2.389892566231050126e-03
2.439986297259550199e-03
2.491130026067788373e-03
2.543345761304648036e-03
2.596655972934869619e-03
2.651083601908538895e-03
2.706652070033241288e-03
2.763385290053169997e-03
2.821307675939470957e-03
2.880444153396298067e-03
2.940820170587063812e-03
3.002461709085549064e-03
3.065395295056526793e-03
3.129648010670750373e-03
3.195247505759213607e-03
3.262222009711669788e-03
3.330600343624588386e-03
3.400411932703706255e-03
3.471686818926559247e-03
3.544455673970435625e-03
3.618749812411280273e-03
3.694601205199302477e-03
3.772042493416997554e-03
3.851107002325568872e-03
3.931828755705770589e-03
4.014242490499322046e-03
4.098383671757261509e-03
4.184288507901580585e-03
4.271993966306776754e-03
4.361537789208005771e-03
4.452958509942655727e-03
4.546295469532399616e-03
4.641588833612777208e-03
4.738879609717651029e-03
4.838209664925957609e-03
4.939621743878320863e-03
5.043159487171358993e-03
5.148867450137492065e-03
5.256791122018424252e-03
5.366976945540476510e-03
5.479472336900287170e-03
5.594325706169377133e-03
5.711586478126429341e-03
5.831305113526225048e-03
5.953533130814370189e-03
6.078323128297229670e-03
6.205728806776500406e-03
6.335804992658247703e-03
6.468607661546327617e-03
6.604193962330305243e-03
6.742622241778342337e-03
6.883952069645496441e-03
7.028244264308345507e-03
7.175560918936928385e-03
7.325965428215230023e-03
7.479522515621821015e-03
7.636298261282242067e-03
7.796360130405228725e-03
7.959777002314986222e-03
8.126619200091946341e-03
8.296958520834906564e-03
8.470868266557402340e-03
8.648423275731717541e-03
8.829699955494091715e-03
9.014776314524916914e-03
9.203731996618221695e-03
9.396648314954691300e-03
9.593608287093146128e-03
9.794696670695395360e-03
1.000000000000000021e-02
1.020960662306046561e-02
1.042360673976401239e-02
1.064209244064724669e-02
1.086515774652538346e-02
1.109289864895222737e-02
1.132541315152811416e-02
1.156280131207375328e-02
1.180516528568805595e-02
1.205260936870842549e-02
1.230524004359261590e-02
1.256316602474120102e-02
1.282649830528059809e-02
1.309535020482667685e-02
1.336983741824946531e-02
1.365007806546013856e-02
1.393619274224142113e-02
1.422830457214351897e-02
1.452653925946781159e-02
1.483102514336104467e-02
1.514189325304352018e-02
1.545927736419477026e-02
1.578331405652116590e-02
1.611414277253019750e-02
1.645190587753662601e-02
1.679674872092653051e-02
1.714881969870539133e-02
1.750827031735725098e-02
1.787525525904235316e-02
1.824993244816152521e-02
1.863246311931559748e-02
1.902301188668944001e-02
1.942174681489026306e-02
1.982883949127071249e-02
2.024446509976803726e-02
2.066880249629082095e-02
2.110203428568594233e-02
2.154434690031884619e-02
2.199593068030074663e-02
2.245697995539773853e-02
2.292769312865648723e-02
2.340827276178291880e-02
2.389892566231050300e-02
2.439986297259550199e-02
2.491130026067788633e-02
2.543345761304648123e-02
2.596655972934869619e-02
2.651083601908538895e-02
2.706652070033241375e-02
2.763385290053169824e-02
2.821307675939470697e-02
2.880444153396297807e-02
2.940820170587063812e-02
3.002461709085549324e-02
3.065395295056526706e-02
3.129648010670750546e-02
3.195247505759213347e-02
3.262222009711669701e-02
3.330600343624588733e-02
3.400411932703706341e-02
3.471686818926559420e-02
3.544455673970435539e-02
3.618749812411280187e-02
3.694601205199302130e-02
3.772042493416997294e-02
3.851107002325569045e-02
3.931828755705769896e-02
4.014242490499322219e-02
4.098383671757261509e-02
4.184288507901580412e-02
4.271993966306776580e-02
4.361537789208005944e-02
4.452958509942655380e-02
4.546295469532399269e-02
4.641588833612777382e-02
4.738879609717651376e-02
4.838209664925956915e-02
4.939621743878321036e-02
5.043159487171358646e-02
5.148867450137492585e-02
5.256791122018424772e-02
5.366976945540476163e-02
5.479472336900287344e-02
5.594325706169377826e-02
5.711586478126429167e-02
5.831305113526224354e-02
5.953533130814370189e-02
6.078323128297229844e-02
6.205728806776500406e-02
6.335804992658247703e-02
6.468607661546327270e-02
6.604193962330305590e-02
6.742622241778342684e-02
6.883952069645496441e-02
7.028244264308344813e-02
7.175560918936928212e-02
7.325965428215229502e-02
7.479522515621821188e-02
7.636298261282241373e-02
7.796360130405229072e-02
7.959777002314985528e-02
8.126619200091945994e-02
8.296958520834907258e-02
8.470868266557401993e-02
8.648423275731717541e-02
8.829699955494091368e-02
9.014776314524917955e-02
9.203731996618221001e-02
9.396648314954690606e-02
9.593608287093147169e-02
9.794696670695395013e-02
1.000000000000000056e-01
1.020960662306047567e-01
1.042360673976401170e-01
1.064209244064724669e-01
1.086515774652537236e-01
1.109289864895222771e-01
1.132541315152812700e-01
1.156280131207375328e-01
1.180516528568805595e-01
1.205260936870841404e-01
1.230524004359261625e-01
1.256316602474121524e-01
1.282649830528059809e-01
1.309535020482667789e-01
1.336983741824945282e-01
1.365007806546013891e-01
1.393619274224143501e-01
1.422830457214351862e-01
1.452653925946781333e-01
1.483102514336102906e-01
1.514189325304352018e-01
1.545927736419478449e-01
1.578331405652116382e-01
1.611414277253019889e-01
1.645190587753660727e-01
1.679674872092653259e-01
1.714881969870540868e-01
1.750827031735723294e-01
1.787525525904235524e-01
1.824993244816150439e-01
1.863246311931559818e-01
1.902301188668945875e-01
1.942174681489024501e-01
1.982883949127071388e-01
2.024446509976801645e-01
2.066880249629081956e-01
2.110203428568596662e-01
2.154434690031882260e-01
2.199593068030074872e-01
2.245697995539771563e-01
2.292769312865648723e-01
2.340827276178294447e-01
2.389892566231047732e-01
2.439986297259550130e-01
2.491130026067790992e-01
2.543345761304648400e-01
2.596655972934872603e-01
2.651083601908535980e-01
2.706652070033241375e-01
2.763385290053172461e-01
2.821307675939470627e-01
2.880444153396297668e-01
2.940820170587060689e-01
3.002461709085549324e-01
3.065395295056529967e-01
3.129648010670750269e-01
3.195247505759213347e-01
3.262222009711666648e-01
3.330600343624588455e-01
3.400411932703709672e-01
3.471686818926559281e-01
3.544455673970435816e-01
3.618749812411276578e-01
3.694601205199302685e-01
3.772042493417001596e-01
3.851107002325568907e-01
3.931828755705770173e-01
4.014242490499317917e-01
4.098383671757261371e-01
4.184288507901584575e-01
4.271993966306776858e-01
4.361537789208005944e-01
4.452958509942651077e-01
4.546295469532399269e-01
4.641588833612781961e-01
4.738879609717651098e-01
4.838209664925957054e-01
4.939621743878315763e-01
5.043159487171359201e-01
5.148867450137497581e-01
5.256791122018419360e-01
5.366976945540475885e-01
5.479472336900281793e-01
5.594325706169377410e-01
5.711586478126434718e-01
5.831305113526218387e-01
5.953533130814370189e-01
6.078323128297223876e-01
6.205728806776500406e-01
6.335804992658253809e-01
6.468607661546320609e-01
6.604193962330304757e-01
6.742622241778335468e-01
6.883952069645495886e-01
7.028244264308353140e-01
7.175560918936920718e-01
7.325965428215229780e-01
7.479522515621829237e-01
7.636298261282241651e-01
7.796360130405236566e-01
7.959777002314977201e-01
8.126619200091945716e-01
8.296958520834915030e-01
8.470868266557401993e-01
8.648423275731726978e-01
8.829699955494082486e-01
9.014776314524917122e-01
9.203731996618230715e-01
9.396648314954690884e-01
9.593608287093147169e-01
9.794696670695385299e-01
1.000000000000000000e+00
1.020960662306047650e+00
1.042360673976401086e+00
1.064209244064724613e+00
1.086515774652537347e+00
1.109289864895222744e+00
1.132541315152812755e+00
1.156280131207375383e+00
1.180516528568805512e+00
1.205260936870841348e+00
1.230524004359261570e+00
1.256316602474121469e+00
1.282649830528059809e+00
1.309535020482667678e+00
1.336983741824945282e+00
1.365007806546013835e+00
1.393619274224143556e+00
1.422830457214351974e+00
1.452653925946781222e+00
1.483102514336102962e+00
1.514189325304351907e+00
1.545927736419478560e+00
1.578331405652116493e+00
1.611414277253019778e+00
1.645190587753660783e+00
1.679674872092653093e+00
1.714881969870540868e+00
1.750827031735723294e+00
1.787525525904235524e+00
1.824993244816150550e+00
1.863246311931559873e+00
1.902301188668945819e+00
1.942174681489024390e+00
1.982883949127071332e+00
2.024446509976801867e+00
2.066880249629082122e+00
2.110203428568596440e+00
2.154434690031882038e+00
2.199593068030074594e+00
2.245697995539771785e+00
2.292769312865648779e+00
2.340827276178294447e+00
2.389892566231047955e+00
2.439986297259550074e+00
2.491130026067791103e+00
2.543345761304648178e+00
2.596655972934872381e+00
2.651083601908536203e+00
2.706652070033241486e+00
2.763385290053172572e+00
2.821307675939470627e+00
2.880444153396297668e+00
2.940820170587060911e+00
3.002461709085549213e+00
3.065395295056529967e+00
3.129648010670750491e+00
3.195247505759213791e+00
3.262222009711666537e+00
3.330600343624588788e+00
3.400411932703709450e+00
3.471686818926559503e+00
3.544455673970435594e+00
3.618749812411276690e+00
3.694601205199302463e+00
3.772042493417001374e+00
3.851107002325568907e+00
3.931828755705770284e+00
4.014242490499317917e+00
4.098383671757261482e+00
4.184288507901584353e+00
4.271993966306776969e+00
4.361537789208005833e+00
4.452958509942650522e+00
4.546295469532399380e+00
4.641588833612781961e+00
4.738879609717651320e+00
4.838209664925956943e+00
4.939621743878315208e+00
5.043159487171358535e+00
5.148867450137498025e+00
5.256791122018419138e+00
5.366976945540476329e+00
5.479472336900281348e+00
5.594325706169377632e+00
5.711586478126434940e+00
5.831305113526219053e+00
5.953533130814370189e+00
6.078323128297223654e+00
6.205728806776500406e+00
6.335804992658253809e+00
6.468607661546320386e+00
6.604193962330305645e+00
6.742622241778335024e+00
6.883952069645496330e+00
7.028244264308352918e+00
7.175560918936921162e+00
7.325965428215230446e+00
7.479522515621813028e+00
7.636298261282241207e+00
7.796360130405236788e+00
7.959777002314977423e+00
8.126619200091946382e+00
8.296958520834914808e+00
8.470868266557403103e+00
8.648423275731726534e+00
8.829699955494083596e+00
9.014776314524917566e+00
9.203731996618230937e+00
9.396648314954690662e+00
9.593608287093147169e+00
9.794696670695385521e+00
1.000000000000000000e+01
1.020960662306047517e+01
1.042360673976401131e+01
1.064209244064724658e+01
1.086515774652537303e+01
1.109289864895222699e+01
1.132541315152812622e+01
1.156280131207375383e+01
1.180516528568805512e+01
1.205260936870841348e+01
1.230524004359261525e+01
1.256316602474121424e+01
1.282649830528059809e+01
1.309535020482667633e+01
1.336983741824945149e+01
1.365007806546013747e+01
1.393619274224143467e+01
1.422830457214351974e+01
1.452653925946781222e+01
1.483102514336102828e+01
1.514189325304351996e+01
1.545927736419478471e+01
1.578331405652116537e+01
1.611414277253019733e+01
1.645190587753660694e+01
1.679674872092653004e+01
1.714881969870540956e+01
1.750827031735723338e+01
1.787525525904235479e+01
1.824993244816150550e+01
1.863246311931559873e+01
1.902301188668945642e+01
1.942174681489024479e+01
1.982883949127071332e+01
2.024446509976801778e+01
2.066880249629081945e+01
2.110203428568596706e+01
2.154434690031882127e+01
2.199593068030074861e+01
2.245697995539771696e+01
2.292769312865648601e+01
2.340827276178294269e+01
2.389892566231047866e+01
2.439986297259550341e+01
2.491130026067785863e+01
2.543345761304648178e+01
2.596655972934872381e+01
2.651083601908536380e+01
2.706652070033241131e+01
2.763385290053172838e+01
2.821307675939470627e+01
2.880444153396297935e+01
2.940820170587060645e+01
3.002461709085549302e+01
3.065395295056529790e+01
3.129648010670750580e+01
3.195247505759213524e+01
3.262222009711666715e+01
3.330600343624588788e+01
3.400411932703709539e+01
3.471686818926559681e+01
3.544455673970435328e+01
3.618749812411276423e+01
3.694601205199302285e+01
3.772042493417001197e+01
3.851107002325569084e+01
3.931828755705770106e+01
4.014242490499317739e+01
4.098383671757261482e+01
4.184288507901584353e+01
4.271993966306776969e+01
4.361537789208005478e+01
4.452958509942650522e+01
4.546295469532399380e+01
4.641588833612782139e+01
4.738879609717650965e+01
4.838209664925957298e+01
4.939621743878315385e+01
5.043159487171358535e+01
5.148867450137497315e+01
5.256791122018419316e+01
5.366976945540476152e+01
5.479472336900281704e+01
5.594325706169377810e+01
5.711586478126434940e+01
5.831305113526218520e+01
5.953533130814370367e+01
6.078323128297223832e+01
6.205728806776500761e+01
6.335804992658254520e+01
6.468607661546320742e+01
6.604193962330305112e+01
6.742622241778335024e+01
6.883952069645496863e+01
7.028244264308352740e+01
7.175560918936920984e+01
7.325965428215229736e+01
7.479522515621813739e+01
7.636298261282242095e+01
7.796360130405237499e+01
7.959777002314977778e+01
8.126619200091946027e+01
8.296958520834914452e+01
8.470868266557401682e+01
8.648423275731727244e+01
8.829699955494082531e+01
9.014776314524917211e+01
9.203731996618230937e+01
9.396648314954690306e+01
9.593608287093147169e+01
9.794696670695385876e+01
1.000000000000000000e+02
1.020960662306047624e+02
1.042360673976401131e+02
1.064209244064724658e+02
1.086515774652537232e+02
1.109289864895222735e+02
1.132541315152812587e+02
1.156280131207375348e+02
1.180516528568805512e+02
1.205260936870841419e+02
1.230524004359261596e+02
1.256316602474121424e+02
1.282649830528060022e+02
1.309535020482667562e+02
1.336983741824945184e+02
1.365007806546013853e+02
1.393619274224143396e+02
1.422830457214352009e+02
1.452653925946781328e+02
1.483102514336102900e+02
1.514189325304351996e+02
1.545927736419478435e+02
1.578331405652116359e+02
1.611414277253019804e+02
1.645190587753660907e+02
1.679674872092653288e+02
1.714881969870540956e+02
1.750827031735723267e+02
1.787525525904235337e+02
1.824993244816150479e+02
1.863246311931559944e+02
1.902301188668945713e+02
1.942174681489024408e+02
1.982883949127071332e+02
2.024446509976801849e+02
2.066880249629082016e+02
2.110203428568596564e+02
2.154434690031882269e+02
2.199593068030074789e+02
2.245697995539771625e+02
2.292769312865648885e+02
2.340827276178294198e+02
2.389892566231047795e+02
2.439986297259550270e+02
2.491130026067785934e+02
2.543345761304648249e+02
2.596655972934872239e+02
2.651083601908536025e+02
2.706652070033241557e+02
2.763385290053172412e+02
2.821307675939470982e+02
2.880444153396297793e+02
2.940820170587060716e+02
3.002461709085549160e+02
3.065395295056529790e+02
3.129648010670750296e+02
3.195247505759213595e+02
3.262222009711666715e+02
3.330600343624588504e+02
3.400411932703709681e+02
3.471686818926559681e+02
3.544455673970435328e+02
3.618749812411276707e+02
3.694601205199302285e+02
3.772042493417001197e+02
3.851107002325568942e+02
3.931828755705770391e+02
4.014242490499318023e+02
4.098383671757261482e+02
4.184288507901584353e+02
4.271993966306776542e+02
4.361537789208005620e+02
4.452958509942650949e+02
4.546295469532399238e+02
4.641588833612781855e+02
4.738879609717650965e+02
4.838209664925957441e+02
4.939621743878315669e+02
5.043159487171358819e+02
5.148867450137497599e+02
5.256791122018419173e+02
5.366976945540476436e+02
5.479472336900281562e+02
5.594325706169377099e+02
5.711586478126434940e+02
5.831305113526218520e+02
5.953533130814370224e+02
6.078323128297223548e+02
6.205728806776500051e+02
6.335804992658254378e+02
6.468607661546320742e+02
6.604193962330305112e+02
6.742622241778335592e+02
6.883952069645496294e+02
7.028244264308352740e+02
7.175560918936921553e+02
7.325965428215230304e+02
7.479522515621813454e+02
7.636298261282241810e+02
7.796360130405237214e+02
7.959777002314978063e+02
8.126619200091945459e+02
8.296958520834898536e+02
8.470868266557401967e+02
8.648423275731726108e+02
8.829699955494082815e+02
9.014776314524917780e+02
9.203731996618230369e+02
9.396648314954691159e+02
9.593608287093146600e+02
9.794696670695385592e+02
1.000000000000000000e+03
1.020960662306047539e+03
1.042360673976403177e+03
1.064209244064722498e+03
1.086515774652537175e+03
1.109289864895222763e+03
1.132541315152812558e+03
1.156280131207377735e+03
1.180516528568803096e+03
1.205260936870841306e+03
1.230524004359261653e+03
1.256316602474121510e+03
1.282649830528062466e+03
1.309535020482665004e+03
1.336983741824945128e+03
1.365007806546013853e+03
1.393619274224143510e+03
1.422830457214354738e+03
1.452653925946778145e+03
1.483102514336102786e+03
1.514189325304351996e+03
1.545927736419478606e+03
1.578331405652119656e+03
1.611414277253016508e+03
1.645190587753660793e+03
1.679674872092653231e+03
1.714881969870540843e+03
1.750827031735726905e+03
1.787525525904231699e+03
1.824993244816150536e+03
1.863246311931559831e+03
1.902301188668945770e+03
1.942174681489028444e+03
1.982883949127067353e+03
2.024446509976801735e+03
2.066880249629081845e+03
2.110203428568596337e+03
2.154434690031886475e+03
2.199593068030070299e+03
2.245697995539771910e+03
2.292769312865648772e+03
2.340827276178294142e+03
2.389892566231052569e+03
2.439986297259545154e+03
2.491130026067785820e+03
2.543345761304648022e+03
2.596655972934872352e+03
2.651083601908541823e+03
2.706652070033235759e+03
2.763385290053166955e+03
2.821307675939470755e+03
2.880444153396297679e+03
2.940820170587066514e+03
3.002461709085543134e+03
3.065395295056523537e+03
3.129648010670750409e+03
3.195247505759213709e+03
3.262222009711673309e+03
3.330600343624581910e+03
3.400411932703702405e+03
3.471686818926559681e+03
3.544455673970435782e+03
3.618749812411283983e+03
3.694601205199294782e+03
3.772042493416993693e+03
3.851107002325568828e+03
3.931828755705770163e+03
4.014242490499325868e+03
4.098383671757253069e+03
4.184288507901575940e+03
4.271993966306776201e+03
4.361537789208005961e+03
4.452958509942660385e+03
4.546295469532390598e+03
4.641588833612772760e+03
4.738879609717650965e+03
4.838209664925957441e+03
4.939621743878326015e+03
5.043159487171348701e+03
5.148867450137487140e+03
5.256791122018418719e+03
5.366976945540475754e+03
5.479472336900292248e+03
5.594325706169389377e+03
5.711586478126423572e+03
5.831305113526218520e+03
5.953533130814370452e+03
6.078323128297236508e+03
6.205728806776513011e+03
6.335804992658241645e+03
6.468607661546320742e+03
6.604193962330305112e+03
6.742622241778349235e+03
6.883952069645510164e+03
7.028244264308338643e+03
7.175560918936920643e+03
7.325965428215230531e+03
7.479522515621828461e+03
7.636298261282257045e+03
7.796360130405220843e+03
7.959777002314977835e+03
8.126619200091945459e+03
8.296958520834914452e+03
8.470868266557419702e+03
8.648423275731709509e+03
8.829699955494083042e+03
9.014776314524917325e+03
9.203731996618229459e+03
9.396648314954709349e+03
9.593608287093127728e+03
9.794696670695386274e+03
1.000000000000000000e+04
